world: 2e27cace-9704-4eb3-ae17-857aa463d1e0
world-name: spawn
x: 8.84525029611442
y: 129.0
z: -0.8503882924912531
yaw: -134.96231079101562
pitch: 6.682918548583984
name: auctions
lastowner: 1f94f176-d12e-4907-86fb-439e3fb36d02
