world: 2e27cace-9704-4eb3-ae17-857aa463d1e0
world-name: spawn
x: 9.245411484596586
y: 129.0
z: -1.0681871042646176
yaw: -135.42611694335938
pitch: 1.7268640995025635
name: auction
lastowner: 1f94f176-d12e-4907-86fb-439e3fb36d02
