world: 2e27cace-9704-4eb3-ae17-857aa463d1e0
world-name: spawn
x: 2.576987289169744
y: 128.0
z: -17.98777139818963
yaw: 178.77268981933594
pitch: 0.2927674949169159
name: crates
lastowner: 1f94f176-d12e-4907-86fb-439e3fb36d02
