world: 2e27cace-9704-4eb3-ae17-857aa463d1e0
world-name: spawn
x: 2.189321369981684
y: 129.0
z: 17.39326236379548
yaw: 0.011941488832235336
pitch: 6.731597900390625
name: shop
lastowner: 1f94f176-d12e-4907-86fb-439e3fb36d02
