world: 2e27cace-9704-4eb3-ae17-857aa463d1e0
world-name: spawn
x: 2.457660800080511
y: 130.0
z: 5.55863468321298
yaw: 89.98812866210938
pitch: 2.7756423950195312
name: spawn
lastowner: 1f94f176-d12e-4907-86fb-439e3fb36d02
