spawns:
  default:
    world: 2e27cace-9704-4eb3-ae17-857aa463d1e0
    world-name: spawn
    x: 2.0823617574045716
    y: 130.0625
    z: 5.5462405368659295
    yaw: 89.84994506835938
    pitch: -2.4671459197998047
